000000000000000000000000011100001100000101000000100000000000010
000000000000000000000000000000000000000111000001000000010000110
000000000000000000000000000000000000000000000010100000110000000
000000000000000000000000000000000000000000000000000000000000110
000000000000000000000000000000000000000000000000000000000000101
000000000000000000000000000000000000000000000000000001110000101
000000000000000000000000000000000000000000000110100010010001000
000000000000000000000000000000000000000000000000000011010001010
000000000000000000000000000000000000000000000000000000000001110
000000000000000000000000000000000000000000000000000010110001001
000000000000000000000000000000000000000000000000000000000001000
000000000000000000000000000000000000000000000000000000000001010
000000000000000000000000000000000000000000000000000000000010110
000000000000000000000000000000000000000000000000000000000010011
000000000000000000000000000000000000000000000000000000000010010
000000000000000000000000000000000000000000000000000101000010110
000000000000000000000000000000000000000000001011100100100010000
000000000000000000000000000000000000000000000000000000000011100
000000000000000000000000000000000000000000000000000111100011001
000000000000000000000000000000000000000000000000000000000011001
000000000000000000000000000000000000000000001111100111100011100
000000000000000000000000000000000000000000000000000000000011001
000000000000000000000000000000000000000000000000000000000011010
000000000000000000000000000000000000011111001110100110000011110
