000000000000000000000000000000000000000011000001000000010000000
000000000000000000000000000000000000000000000000000000110000100
000000000000000000000000000000000000000000000000000000100000001
000000000000000000000000000000000000000000000000000001110000000
000000000000000000000000000000000000000101000010000000110000001
000000000000000000000000000000000000000000000000000000000000011
000000000000000000000000000000000000000000000000000000000000010
000000000000000000000000000000000000000000000111100010110001010
000000000000000000000000000000000000000000000110100011000001000
000000000000000000000000000000000000000000000000000010000001100
000000000000000000000000000000000000000000000000000011010001001
000000000000000000000000000000000000000000000000000000000001100
000000000000000000000000000000000000000000000000000000000001100
000000000000000000000000000000000000000000000000000000000010000
000000000000000000000000000000000000000000000000000000000010100
000000000000000000000000000000000000000000000000000000000010011
000000000000000000000000000000000000000000000000000000000010100
000000000000000000000000000000000000000000000000000101010010000
000000000000000000000000000000000000000000000000000101100010100
000000000000000000000000000000000000000000000000000000000010101
000000000000000000000000000000000000000000000000000101010010010
000000000000000000000000000000000000000000000000000000000011001
000000000000000000000000000000000000000000000000000111010011010
000000000000000000000000000000000000000000000000000000000011000
000000000000000000000000000000000000000000000000000000000011110
000000000000000000000000000000000000000000001111000111010011000
000000000000000000000000000000000000000000000000000111110011100
