000000000000000100
010000000000000101
100000000000000110
110000000000000011
000000000010000010
010000000010000011
100000000010000100
110000000010000011
000000000100000010
010000000100000010
100000000100000011
110000000100000001
000000000110000000
010000000110000001
100000000110000000
110000000110000001
000000000110000010
010000001000000001
100000000110000000
110000001000000000
000000001000000100
010000001010000000
100000000110000001
110000001000000001
000000001010000001
010000001010000001
100000001000000001
110000001010000001
000000001100000001
010000001100000000
100000001010000010
110000001100000001
000000000000000000
010000000000000000
100000000000000000
110000000000000000
000000000000000000
010000000000000000
100000000000000000
110000000000000000
000000000000000000
010000000000000000
100000000000000000
110000000000000000
000000000000000000
010000000000000000
100000000000000000
110000000000000000
000000000000000000
010000000000000000
100000000000000000
110000000000000000
000000000000000000
010000000000000000
100000000000000000
110000000000000000
000000000000000000
010000000000000000
100000000000000000
110000000000000000
000000000000000000
010000000000000000
100000000000000000
110000000000000000
000000000000000000
010000000000000000
100000000000000000
110000000000000000
000000000000000000
010000000000000000
100000000000000000
110000000000000000
000000000000000000
010000000000000000
100000000000000000
110000000000000000
000000000000000000
010000000000000000
100000000000000000
110000000000000000
000000000000000000
010000000000000000
100000000000000000
110000000000000000
000000000000000000
010000000000000000
100000000000000000
110000000000000000
000000000000000000
010000000000000000
100000000000000000
110000000000000000
000000000000000000
010000000000000000
100000000000000000
110000000000000000
000000000000000000
010000000000000000
100000000000000000
110000000000000000
000000000000000000
010000000000000000
100000000000000000
110000000000000000
000000000000000000
010000000000000000
100000000000000000
110000000000000000
000000000000000000
010000000000000000
100000000000000000
110000000000000000
000000000000000000
010000000000000000
100000000000000000
110000000000000000
000000000000000000
010000000000000000
100000000000000000
110000000000000000
000000000000000000
010000000000000000
100000000000000000
110000000000000000
000000000000000000
010000000000000000
100000000000000000
110000000000000000
000000001110000011
010000001100000010
100000001100000011
110000001110000001
000000010000000000
010000001110000001
100000001110000000
110000010000000000
000000010000000011
010000010000000001
100000001110000010
110000010000000001
000000010010000010
010000010010000011
100000010000000001
110000010010000001
000000010100000010
010000010100000000
100000010010000000
110000010100000010
000000010110000001
010000010100000001
100000010010000010
110000010110000000
000000011000000001
010000010110000010
100000010100000001
110000010110000000
000000011010000000
010000011000000001
100000010110000001
110000010110000001
000000000000000000
010000000000000000
100000000000000000
110000000000000000
000000000000000000
010000000000000000
100000000000000000
110000000000000000
000000000000000000
010000000000000000
100000000000000000
110000000000000000
000000000000000000
010000000000000000
100000000000000000
110000000000000000
000000000000000000
010000000000000000
100000000000000000
110000000000000000
000000000000000000
010000000000000000
100000000000000000
110000000000000000
000000000000000000
010000000000000000
100000000000000000
110000000000000000
000000000000000000
010000000000000000
100000000000000000
110000000000000000
000000000000000000
010000000000000000
100000000000000000
110000000000000000
000000000000000000
010000000000000000
100000000000000000
110000000000000000
000000000000000000
010000000000000000
100000000000000000
110000000000000000
000000000000000000
010000000000000000
100000000000000000
110000000000000000
000000000000000000
010000000000000000
100000000000000000
110000000000000000
000000000000000000
010000000000000000
100000000000000000
110000000000000000
000000000000000000
010000000000000000
100000000000000000
110000000000000000
000000000000000000
010000000000000000
100000000000000000
110000000000000000
000000000000000000
010000000000000000
100000000000000000
110000000000000000
000000000000000000
010000000000000000
100000000000000000
110000000000000000
000000000000000000
010000000000000000
100000000000000000
110000000000000000
000000000000000000
010000000000000000
100000000000000000
110000000000000000
000000000000000000
010000000000000000
100000000000000000
110000000000000000
000000000000000000
010000000000000000
100000000000000000
110000000000000000
000000000000000000
010000000000000000
100000000000000000
110000000000000000
000000000000000000
010000000000000000
100000000000000000
110000000000000000
