00000000000001
00001010000010
00000000000110
00000010000101
00000000000010
00000100000001
00000000000010
00000000000111
00000000000100
00010010001000
00000000001010
00000000001001
00010000001101
00000000001010
00000000001011
00011100001010
00000000001000
00000000010100
00101110010100
00101100010000
00000000010000
00000000010001
00100000010101
00101110010011
00101010010011
00000000010110
00000000010011
00000000011111
00110110011010
00000000011110
00000000011111
00110010011000
00111110011100
00000000011001
00110000011101
00000000011110
