00000000000000100
01000000000000101
10000000000000110
11000000000000011
00000000001000010
01000000001100011
10000000001100100
11000000001000011
00000000001100010
01000000010100010
10000000010100011
11000000010000001
00000000010000000
01000000011000001
10000000011100000
11000000010100001
00000000010000010
01000000011100001
10000000011100000
11000000011000000
00000000010100100
01000000100000000
10000000011100001
11000000011000001
00000000011100001
01000000100000001
10000000100000001
11000000011100001
00000000100000001
01000000100100000
10000000100100010
11000000100000001
00000000000000000
01000000000000000
10000000000000000
11000000000000000
00000000000000000
01000000000000000
10000000000000000
11000000000000000
00000000000000000
01000000000000000
10000000000000000
11000000000000000
00000000000000000
01000000000000000
10000000000000000
11000000000000000
00000000000000000
01000000000000000
10000000000000000
11000000000000000
00000000000000000
01000000000000000
10000000000000000
11000000000000000
00000000000000000
01000000000000000
10000000000000000
11000000000000000
00000000000000000
01000000000000000
10000000000000000
11000000000000000
00000000000000000
01000000000000000
10000000000000000
11000000000000000
00000000000000000
01000000000000000
10000000000000000
11000000000000000
00000000000000000
01000000000000000
10000000000000000
11000000000000000
00000000000000000
01000000000000000
10000000000000000
11000000000000000
00000000000000000
01000000000000000
10000000000000000
11000000000000000
00000000000000000
01000000000000000
10000000000000000
11000000000000000
00000000000000000
01000000000000000
10000000000000000
11000000000000000
00000000000000000
01000000000000000
10000000000000000
11000000000000000
00000000000000000
01000000000000000
10000000000000000
11000000000000000
00000000000000000
01000000000000000
10000000000000000
11000000000000000
00000000000000000
01000000000000000
10000000000000000
11000000000000000
00000000000000000
01000000000000000
10000000000000000
11000000000000000
00000000000000000
01000000000000000
10000000000000000
11000000000000000
00000000000000000
01000000000000000
10000000000000000
11000000000000000
00000000000000000
01000000000000000
10000000000000000
11000000000000000
00000000000000000
01000000000000000
10000000000000000
11000000000000000
00000000100100011
01000000100100010
10000000101000011
11000000100100001
00000000101100000
01000000101000001
10000000110000000
11000000101000000
00000000101100011
01000000101100001
10000000110000010
11000000101000001
00000000110100010
01000000110000011
10000000110100001
11000000101100001
00000000111000010
01000000111000000
10000000111000000
11000000110000010
00000000111100001
01000000111000001
10000000111000010
11000000110100000
00000001000000001
01000000111100010
10000000111100001
11000000110100000
00000001000100000
01000001000000001
10000001000000001
11000000110100001
00000000000000000
01000000000000000
10000000000000000
11000000000000000
00000000000000000
01000000000000000
10000000000000000
11000000000000000
00000000000000000
01000000000000000
10000000000000000
11000000000000000
00000000000000000
01000000000000000
10000000000000000
11000000000000000
00000000000000000
01000000000000000
10000000000000000
11000000000000000
00000000000000000
01000000000000000
10000000000000000
11000000000000000
00000000000000000
01000000000000000
10000000000000000
11000000000000000
00000000000000000
01000000000000000
10000000000000000
11000000000000000
00000000000000000
01000000000000000
10000000000000000
11000000000000000
00000000000000000
01000000000000000
10000000000000000
11000000000000000
00000000000000000
01000000000000000
10000000000000000
11000000000000000
00000000000000000
01000000000000000
10000000000000000
11000000000000000
00000000000000000
01000000000000000
10000000000000000
11000000000000000
00000000000000000
01000000000000000
10000000000000000
11000000000000000
00000000000000000
01000000000000000
10000000000000000
11000000000000000
00000000000000000
01000000000000000
10000000000000000
11000000000000000
00000000000000000
01000000000000000
10000000000000000
11000000000000000
00000000000000000
01000000000000000
10000000000000000
11000000000000000
00000000000000000
01000000000000000
10000000000000000
11000000000000000
00000000000000000
01000000000000000
10000000000000000
11000000000000000
00000000000000000
01000000000000000
10000000000000000
11000000000000000
00000000000000000
01000000000000000
10000000000000000
11000000000000000
00000000000000000
01000000000000000
10000000000000000
11000000000000000
00000000000000000
01000000000000000
10000000000000000
11000000000000000
