000000000000000000000000000000000000000000000010000000000000011
000000000000000000000000000000000000000000000011000000100000111
000000000000000000000000000000000000000000000000000000000000000
000000000000000000000000000000000000000000000000000000000000000
000000000000000000000000000000000000000000000000000000000000101
000000000000000000000000000000000000000000000000000000000000101
000000000000000000000000000000000000000000000000000000000000001
000000000000000000000000000000000000000000000000000000000001010
000000000000000000000000000000000000000000000000000000000001011
000000000000000000000000000000000000000000000000000000000001111
000000000000000000000000000000000000000000000000000010100001000
000000000000000000000000000000000000000000000000000000000001001
000000000000000000000000000000000000000000000000000000000010100
000000000000000000000000000000000000000000000000000100010010000
000000000000000000000000000000000000000000000000000101100010101
000000000000000000000000000000000000000000000000000101010010011
000000000000000000000000000000000000000000000000000101010010111
000000000000000000000000000000000000000000001010100100110010010
000000000000000000000000000000000000000000000000000000000011000
000000000000000000000000000000000000000000000000000000000011110
000000000000000000000000000000000000000000001111100111010011001
000000000000000000000000000000000000000000000000000000000011110
000000000000000000000000000000000000000000000000000000000011011
000000000000000000000000000000000000000000001111000111000011111
