000000000000000000000000000000001100000101000001000000000000001
000000000000000000000000000000000000000000000001000000010000101
000000000000000000000000000000000000000000000000000000100000001
000000000000000000000000000000000000000000000000000000000000010
000000000000000000000000000000000000000000000000000000000000111
000000000000000000000000000000000000000000000000000000000000100
000000000000000000000000000000000000000000000000000010010001000
000000000000000000000000000000000000000000000000000000000001010
000000000000000000000000000000000000000000000000000000000001001
000000000000000000000000000000000000000000000101000010000001101
000000000000000000000000000000000000000000000000000000000001011
000000000000000000000000000000000000000000000000000011100001010
000000000000000000000000000000000000000000000000000000000001000
000000000000000000000000000000000000000000000000000000000010100
000000000000000000000000000000000000000000000000000101110010100
000000000000000000000000000000000000000000000000000101100010000
000000000000000000000000000000000000000000000000000000000010000
000000000000000000000000000000000000000000000000000000000010001
000000000000000000000000000000000000010111001001100100000010101
000000000000000000000000000000000000000000001011000101010010011
000000000000000000000000000000000000000000000000000000000010011
000000000000000000000000000000000000000000000000000000000011111
000000000000000000000000000000000000000000001111000110110011010
000000000000000000000000000000000000000000000000000000000011111
000000000000000000000000000000000000011111001110000110010011000
000000000000000000000000000000000000000000000000000000000011001
000000000000000000000000000000000000000000001111000110000011101
