0000000000000000011
0100000000000000100
1000000000000000101
1100000000000000010
0000000000100000001
0100000000100000010
1000000000100000011
1100000000100000010
0000000001000000001
0100000001000000001
1000000001000000010
1100000001000000000
0000000001111111111
0100000001100000000
1000000001111111111
1100000001100000000
0000000001100000001
0100000010000000000
1000000001111111111
1100000010011111111
0000000010000000011
0100000010111111111
1000000001100000000
1100000010000000000
0000000010100000000
0100000010100000000
1000000010000000000
1100000010100000000
0000000011000000000
0100000011011111111
1000000010100000001
1100000011000000000
0000000000011111111
0100000000011111111
1000000000011111111
1100000000011111111
0000000000011111111
0100000000011111111
1000000000011111111
1100000000011111111
0000000000011111111
0100000000011111111
1000000000011111111
1100000000011111111
0000000000011111111
0100000000011111111
1000000000011111111
1100000000011111111
0000000000011111111
0100000000011111111
1000000000011111111
1100000000011111111
0000000000011111111
0100000000011111111
1000000000011111111
1100000000011111111
0000000000011111111
0100000000011111111
1000000000011111111
1100000000011111111
0000000000011111111
0100000000011111111
1000000000011111111
1100000000011111111
0000000000011111111
0100000000011111111
1000000000011111111
1100000000011111111
0000000000011111111
0100000000011111111
1000000000011111111
1100000000011111111
0000000000011111111
0100000000011111111
1000000000011111111
1100000000011111111
0000000000011111111
0100000000011111111
1000000000011111111
1100000000011111111
0000000000011111111
0100000000011111111
1000000000011111111
1100000000011111111
0000000000011111111
0100000000011111111
1000000000011111111
1100000000011111111
0000000000011111111
0100000000011111111
1000000000011111111
1100000000011111111
0000000000011111111
0100000000011111111
1000000000011111111
1100000000011111111
0000000000011111111
0100000000011111111
1000000000011111111
1100000000011111111
0000000000011111111
0100000000011111111
1000000000011111111
1100000000011111111
0000000000011111111
0100000000011111111
1000000000011111111
1100000000011111111
0000000000011111111
0100000000011111111
1000000000011111111
1100000000011111111
0000000000011111111
0100000000011111111
1000000000011111111
1100000000011111111
0000000000011111111
0100000000011111111
1000000000011111111
1100000000011111111
0000000000011111111
0100000000011111111
1000000000011111111
1100000000011111111
0000000000011111111
0100000000011111111
1000000000011111111
1100000000011111111
0000000011100000010
0100000011000000001
1000000011000000010
1100000011100000000
0000000100011111111
0100000011100000000
1000000011111111111
1100000100011111111
0000000100000000010
0100000100000000000
1000000011100000001
1100000100000000000
0000000100100000001
0100000100100000010
1000000100000000000
1100000100100000000
0000000101000000001
0100000101011111111
1000000100111111111
1100000101000000001
0000000101100000000
0100000101000000000
1000000100100000001
1100000101111111111
0000000110000000000
0100000101100000001
1000000101000000000
1100000101111111111
0000000110111111111
0100000110000000000
1000000101100000000
1100000101100000000
0000000000011111111
0100000000011111111
1000000000011111111
1100000000011111111
0000000000011111111
0100000000011111111
1000000000011111111
1100000000011111111
0000000000011111111
0100000000011111111
1000000000011111111
1100000000011111111
0000000000011111111
0100000000011111111
1000000000011111111
1100000000011111111
0000000000011111111
0100000000011111111
1000000000011111111
1100000000011111111
0000000000011111111
0100000000011111111
1000000000011111111
1100000000011111111
0000000000011111111
0100000000011111111
1000000000011111111
1100000000011111111
0000000000011111111
0100000000011111111
1000000000011111111
1100000000011111111
0000000000011111111
0100000000011111111
1000000000011111111
1100000000011111111
0000000000011111111
0100000000011111111
1000000000011111111
1100000000011111111
0000000000011111111
0100000000011111111
1000000000011111111
1100000000011111111
0000000000011111111
0100000000011111111
1000000000011111111
1100000000011111111
0000000000011111111
0100000000011111111
1000000000011111111
1100000000011111111
0000000000011111111
0100000000011111111
1000000000011111111
1100000000011111111
0000000000011111111
0100000000011111111
1000000000011111111
1100000000011111111
0000000000011111111
0100000000011111111
1000000000011111111
1100000000011111111
0000000000011111111
0100000000011111111
1000000000011111111
1100000000011111111
0000000000011111111
0100000000011111111
1000000000011111111
1100000000011111111
0000000000011111111
0100000000011111111
1000000000011111111
1100000000011111111
0000000000011111111
0100000000011111111
1000000000011111111
1100000000011111111
0000000000011111111
0100000000011111111
1000000000011111111
1100000000011111111
0000000000011111111
0100000000011111111
1000000000011111111
1100000000011111111
0000000000011111111
0100000000011111111
1000000000011111111
1100000000011111111
0000000000011111111
0100000000011111111
1000000000011111111
1100000000011111111
