0000000110100000000
0100000110100000000
1000000110011111111
1100000110000000000
0000000111000000000
0100000111000000001
1000000110000000000
1100000110100000001
0000000111100000000
0100000111100000001
1000000110100000000
1100000111000000001
0000001000000000000
0100001000000000000
1000000111011111111
1100000111111111111
0000001000100000001
0100001000100000000
1000000111000000000
1100000111100000001
0000001001000000001
0100001001000000011
1000000111100000001
1100001000000000001
0000001001100000000
0100001001100000010
1000001000011111111
1100001000111111111
0000001010000000001
0100001010000000000
1000001000000000010
1100001000100000010
0000000000011111111
0100000000011111111
1000000000011111111
1100000000011111111
0000000000011111111
0100000000011111111
1000000000011111111
1100000000011111111
0000000000011111111
0100000000011111111
1000000000011111111
1100000000011111111
0000000000011111111
0100000000011111111
1000000000011111111
1100000000011111111
0000000000011111111
0100000000011111111
1000000000011111111
1100000000011111111
0000000000011111111
0100000000011111111
1000000000011111111
1100000000011111111
0000000000011111111
0100000000011111111
1000000000011111111
1100000000011111111
0000000000011111111
0100000000011111111
1000000000011111111
1100000000011111111
0000000000011111111
0100000000011111111
1000000000011111111
1100000000011111111
0000000000011111111
0100000000011111111
1000000000011111111
1100000000011111111
0000000000011111111
0100000000011111111
1000000000011111111
1100000000011111111
0000000000011111111
0100000000011111111
1000000000011111111
1100000000011111111
0000000000011111111
0100000000011111111
1000000000011111111
1100000000011111111
0000000000011111111
0100000000011111111
1000000000011111111
1100000000011111111
0000000000011111111
0100000000011111111
1000000000011111111
1100000000011111111
0000000000011111111
0100000000011111111
1000000000011111111
1100000000011111111
0000000000011111111
0100000000011111111
1000000000011111111
1100000000011111111
0000000000011111111
0100000000011111111
1000000000011111111
1100000000011111111
0000000000011111111
0100000000011111111
1000000000011111111
1100000000011111111
0000000000011111111
0100000000011111111
1000000000011111111
1100000000011111111
0000000000011111111
0100000000011111111
1000000000011111111
1100000000011111111
0000000000011111111
0100000000011111111
1000000000011111111
1100000000011111111
0000000000011111111
0100000000011111111
1000000000011111111
1100000000011111111
0000000000011111111
0100000000011111111
1000000000011111111
1100000000011111111
0000001010111111111
0100001010100000000
1000001000100000000
1100001001000000000
0000001010100000000
0100001011000000010
1000001001011111111
1100001001100000000
0000001011000000001
0100001011100000000
1000001001000000001
1100001010011111111
0000001011100000000
0100001100011111111
1000001001100000000
1100001010011111111
0000001100000000000
0100001100011111111
1000001010000000010
1100001010000000010
0000001100111111111
0100001100000000011
1000001010100000000
1100001010100000000
0000001100100000010
0100001100100000000
1000001011000000000
1100001011000000000
0000001101000000001
0100001101000000010
1000001011100000011
1100001011100000010
0000000000011111111
0100000000011111111
1000000000011111111
1100000000011111111
0000000000011111111
0100000000011111111
1000000000011111111
1100000000011111111
0000000000011111111
0100000000011111111
1000000000011111111
1100000000011111111
0000000000011111111
0100000000011111111
1000000000011111111
1100000000011111111
0000000000011111111
0100000000011111111
1000000000011111111
1100000000011111111
0000000000011111111
0100000000011111111
1000000000011111111
1100000000011111111
0000000000011111111
0100000000011111111
1000000000011111111
1100000000011111111
0000000000011111111
0100000000011111111
1000000000011111111
1100000000011111111
0000000000011111111
0100000000011111111
1000000000011111111
1100000000011111111
0000000000011111111
0100000000011111111
1000000000011111111
1100000000011111111
0000000000011111111
0100000000011111111
1000000000011111111
1100000000011111111
0000000000011111111
0100000000011111111
1000000000011111111
1100000000011111111
0000000000011111111
0100000000011111111
1000000000011111111
1100000000011111111
0000000000011111111
0100000000011111111
1000000000011111111
1100000000011111111
0000000000011111111
0100000000011111111
1000000000011111111
1100000000011111111
0000000000011111111
0100000000011111111
1000000000011111111
1100000000011111111
0000000000011111111
0100000000011111111
1000000000011111111
1100000000011111111
0000000000011111111
0100000000011111111
1000000000011111111
1100000000011111111
0000000000011111111
0100000000011111111
1000000000011111111
1100000000011111111
0000000000011111111
0100000000011111111
1000000000011111111
1100000000011111111
0000000000011111111
0100000000011111111
1000000000011111111
1100000000011111111
0000000000011111111
0100000000011111111
1000000000011111111
1100000000011111111
0000000000011111111
0100000000011111111
1000000000011111111
1100000000011111111
0000000000011111111
0100000000011111111
1000000000011111111
1100000000011111111
