0000011000000011
0000001000000011
0000000100000000
0000011000000101
0000001000001001
0000001000000011
0000100000001001
0000100100000111
0000011100000101
0000100100000001
0000000000001010
0000000100000001
0000001000001010
0000100100000100
0000001100001000
0000001000000011
0000100000000100
0000011000000110
0000011000000000
0000101000000000
0000001000000110
0000100100000010
0000001100000100
0000101000001010
0000100000001010
0000011100000011
0000011000000001
0000011100000110
0000001100000000
0000001100000011
0000100100000000
0000100100001010
0000010100001001
0000010000000110
0000000000000100
0000010100000100
0000000100000101
0000001000000110
0000001100000010
0000000100001000
0000011000000011
0000000000001010
0000100000001000
0000010100000011
0000000000000111
0000011000000010
0000010100000100
0000011100000001
0000001000000101
0000101000000101
0000000100000110
0000001000000100
0000100000001010
0000001100000010
0000001100000011
0000000000000011
0000010000000111
0000011100000110
0000010000000111
0000101000001010
0000100100000101
0000101000001000
0000011000000011
0000001000001001
