0000001100000101
0000000000000100
0000010000001000
0000011100000001
0000100100001010
0000010100000010
0000001000000001
0000000100000111
0000010000001001
0000011000000111
0000100100001000
0000100000000000
0000000000001010
0000010000000001
0000000000000011
0000011100000011
0000010000000001
0000011100000111
0000001000000110
0000000000001000
0000001000001001
0000101000000010
0000010100001010
0000000000000001
0000000000000010
0000000100000100
0000001100001001
0000011000001010
0000011000000111
0000100000001000
0000010000000100
0000010000000010
0000000100000110
0000011100001001
0000100000000001
0000000000000101
0000010000001001
0000100000000111
0000001100000010
0000001000001010
0000100100000101
0000100100000101
0000100100000001
0000100000000101
0000001100000010
0000100100001000
0000000000000001
0000011000000100
0000001100000111
0000010000000010
0000001100001000
0000001100001000
0000000000000100
0000001000000101
0000000000000100
0000001100000101
0000011000000110
0000100000001010
0000100100000110
0000101000000100
0000011100001010
0000100100001010
0000011000001010
0000000000000101
