0000001000000100
0000100000000010
0000100000000110
0000000000000101
0000000000000100
0000101000000001
0000010100000011
0000000100001000
0000101000001010
0000000100000001
0000101000000011
0000010100000010
0000101000000001
0000010000000110
0000000000001010
0000101000000100
0000001100000011
0000000000001001
0000010000001000
0000011100001001
0000000100000001
0000011100000111
0000001000001010
0000011100000110
0000010000000101
0000000100000011
0000101000001010
0000000100000101
0000001100000000
0000001100000110
0000001000000010
0000010100000000
0000010100000001
0000011000000011
0000100000000100
0000100000001010
0000010100000011
0000010000001010
0000101000000100
0000100000000100
0000011100000011
0000001100000000
0000000100000010
0000010000001010
0000011000000110
0000001100001000
0000011100000110
0000001000001001
0000001100001001
0000011100000011
0000011100000000
0000100100000010
0000000100000100
0000001100001000
0000000000001001
0000101000000100
0000000100000110
0000011000000010
0000011100000010
0000001000000010
0000101000000110
0000011100000111
0000010000001001
0000100000001000
