00000001000100001
00000001000100001
11000001000100000
11000000111000001
00000001001000001
00000001001000010
11000001000100001
11000000111100010
00000001001100001
00000001001100010
11000001001000001
11000001000000010
00000001010000001
00000001010000001
11000001001100000
11000001000100000
00000001010100010
00000001010100001
11000001001100001
11000001000100010
00000001011000010
00000001011000100
11000001010000010
11000001001000010
00000001011100001
00000001100000011
11000001010100000
11000001001100000
00000001100000010
00000001101000001
11000001010100011
11000001001100011
00000000000000000
00000000000000000
11000000000000000
11000000000000000
00000000000000000
00000000000000000
11000000000000000
11000000000000000
00000000000000000
00000000000000000
11000000000000000
11000000000000000
00000000000000000
00000000000000000
11000000000000000
11000000000000000
00000000000000000
00000000000000000
11000000000000000
11000000000000000
00000000000000000
00000000000000000
11000000000000000
11000000000000000
00000000000000000
00000000000000000
11000000000000000
11000000000000000
00000000000000000
00000000000000000
11000000000000000
11000000000000000
00000000000000000
00000000000000000
11000000000000000
11000000000000000
00000000000000000
00000000000000000
11000000000000000
11000000000000000
00000000000000000
00000000000000000
11000000000000000
11000000000000000
00000000000000000
00000000000000000
11000000000000000
11000000000000000
00000000000000000
00000000000000000
11000000000000000
11000000000000000
00000000000000000
00000000000000000
11000000000000000
11000000000000000
00000000000000000
00000000000000000
11000000000000000
11000000000000000
00000000000000000
00000000000000000
11000000000000000
11000000000000000
00000000000000000
00000000000000000
11000000000000000
11000000000000000
00000000000000000
00000000000000000
11000000000000000
11000000000000000
00000000000000000
00000000000000000
11000000000000000
11000000000000000
00000000000000000
00000000000000000
11000000000000000
11000000000000000
00000000000000000
00000000000000000
11000000000000000
11000000000000000
00000000000000000
00000000000000000
11000000000000000
11000000000000000
00000000000000000
00000000000000000
11000000000000000
11000000000000000
00000000000000000
00000000000000000
11000000000000000
11000000000000000
00000001100100000
00000001101100001
11000001011100001
11000001010100001
00000001100100001
00000001110000011
11000001100000000
11000001011000001
00000001101000010
00000001111000001
11000001100000010
11000001011100000
00000001101100001
00000001111100000
11000001100100001
11000001011100000
00000001110000001
00000001111100000
11000001101000011
11000001011100011
00000001110100000
00000001111100100
11000001110000001
11000001100100001
00000001110100011
00000010000100001
11000001110100001
11000001101000001
00000001111100010
00000010001000011
11000001111000100
11000001101100011
00000000000000000
00000000000000000
11000000000000000
11000000000000000
00000000000000000
00000000000000000
11000000000000000
11000000000000000
00000000000000000
00000000000000000
11000000000000000
11000000000000000
00000000000000000
00000000000000000
11000000000000000
11000000000000000
00000000000000000
00000000000000000
11000000000000000
11000000000000000
00000000000000000
00000000000000000
11000000000000000
11000000000000000
00000000000000000
00000000000000000
11000000000000000
11000000000000000
00000000000000000
00000000000000000
11000000000000000
11000000000000000
00000000000000000
00000000000000000
11000000000000000
11000000000000000
00000000000000000
00000000000000000
11000000000000000
11000000000000000
00000000000000000
00000000000000000
11000000000000000
11000000000000000
00000000000000000
00000000000000000
11000000000000000
11000000000000000
00000000000000000
00000000000000000
11000000000000000
11000000000000000
00000000000000000
00000000000000000
11000000000000000
11000000000000000
00000000000000000
00000000000000000
11000000000000000
11000000000000000
00000000000000000
00000000000000000
11000000000000000
11000000000000000
00000000000000000
00000000000000000
11000000000000000
11000000000000000
00000000000000000
00000000000000000
11000000000000000
11000000000000000
00000000000000000
00000000000000000
11000000000000000
11000000000000000
00000000000000000
00000000000000000
11000000000000000
11000000000000000
00000000000000000
00000000000000000
11000000000000000
11000000000000000
00000000000000000
00000000000000000
11000000000000000
11000000000000000
00000000000000000
00000000000000000
11000000000000000
11000000000000000
00000000000000000
00000000000000000
11000000000000000
11000000000000000
