00000010000000
00000100000101
00001100000000
00001010000001
00000100000000
00000010000010
00000100000000
00001110000000
00001000000000
00010000001001
00010100000000
00010010000000
00011010001000
00010100000000
00010110000000
00010100001110
00010000000000
00101000000000
00101000010111
00100000010110
00100000000000
00100010000000
00101010010000
00100110010111
00100110010101
00101100000000
00100110000000
00111110000000
00110100011011
00111100000000
00111110000000
00110000011001
00111000011111
00110010000000
00111010011000
00111100000000
