0001110010000010
0010110010000011
0001110000010101
0001110110000001
0011111000001011
0011110000000100
0011111000000110
0001110000000111
0011010100001000
0011111010001001
0001010100001010
0011010000000101
0001010100001100
0001110010001110
0000010000010000
0011110010010001
0011110010010111
0011010000011000
0011111000011001
0001110110011010
0000110000011011
0000010000011100
0001010100011101
0011111110011111
0011111100100000
0011100000001101
0010000000001111
0000100000010010
0010001000010011
0011101010010100
0011101100010110
0011101000011110
