000000011010000000
010000011010000000
100000011000000000
110000011000000000
000000011100000000
010000011100000001
100000011000000000
110000011010000001
000000011110000000
010000011110000001
100000011010000000
110000011100000001
000000100000000000
010000100000000000
100000011100000000
110000011110000000
000000100010000001
010000100010000000
100000011100000000
110000011110000001
000000100100000001
010000100100000011
100000011110000001
110000100000000001
000000100110000000
010000100110000010
100000100000000000
110000100010000000
000000101000000001
010000101000000000
100000100000000010
110000100010000010
000000000000000000
010000000000000000
100000000000000000
110000000000000000
000000000000000000
010000000000000000
100000000000000000
110000000000000000
000000000000000000
010000000000000000
100000000000000000
110000000000000000
000000000000000000
010000000000000000
100000000000000000
110000000000000000
000000000000000000
010000000000000000
100000000000000000
110000000000000000
000000000000000000
010000000000000000
100000000000000000
110000000000000000
000000000000000000
010000000000000000
100000000000000000
110000000000000000
000000000000000000
010000000000000000
100000000000000000
110000000000000000
000000000000000000
010000000000000000
100000000000000000
110000000000000000
000000000000000000
010000000000000000
100000000000000000
110000000000000000
000000000000000000
010000000000000000
100000000000000000
110000000000000000
000000000000000000
010000000000000000
100000000000000000
110000000000000000
000000000000000000
010000000000000000
100000000000000000
110000000000000000
000000000000000000
010000000000000000
100000000000000000
110000000000000000
000000000000000000
010000000000000000
100000000000000000
110000000000000000
000000000000000000
010000000000000000
100000000000000000
110000000000000000
000000000000000000
010000000000000000
100000000000000000
110000000000000000
000000000000000000
010000000000000000
100000000000000000
110000000000000000
000000000000000000
010000000000000000
100000000000000000
110000000000000000
000000000000000000
010000000000000000
100000000000000000
110000000000000000
000000000000000000
010000000000000000
100000000000000000
110000000000000000
000000000000000000
010000000000000000
100000000000000000
110000000000000000
000000000000000000
010000000000000000
100000000000000000
110000000000000000
000000000000000000
010000000000000000
100000000000000000
110000000000000000
000000101010000000
010000101010000000
100000100010000000
110000100100000000
000000101010000000
010000101100000010
100000100100000000
110000100110000000
000000101100000001
010000101110000000
100000100100000001
110000101000000000
000000101110000000
010000110000000000
100000100110000000
110000101000000000
000000110000000000
010000110000000000
100000101000000010
110000101000000010
000000110010000000
010000110000000011
100000101010000000
110000101010000000
000000110010000010
010000110010000000
100000101100000000
110000101100000000
000000110100000001
010000110100000010
100000101110000011
110000101110000010
000000000000000000
010000000000000000
100000000000000000
110000000000000000
000000000000000000
010000000000000000
100000000000000000
110000000000000000
000000000000000000
010000000000000000
100000000000000000
110000000000000000
000000000000000000
010000000000000000
100000000000000000
110000000000000000
000000000000000000
010000000000000000
100000000000000000
110000000000000000
000000000000000000
010000000000000000
100000000000000000
110000000000000000
000000000000000000
010000000000000000
100000000000000000
110000000000000000
000000000000000000
010000000000000000
100000000000000000
110000000000000000
000000000000000000
010000000000000000
100000000000000000
110000000000000000
000000000000000000
010000000000000000
100000000000000000
110000000000000000
000000000000000000
010000000000000000
100000000000000000
110000000000000000
000000000000000000
010000000000000000
100000000000000000
110000000000000000
000000000000000000
010000000000000000
100000000000000000
110000000000000000
000000000000000000
010000000000000000
100000000000000000
110000000000000000
000000000000000000
010000000000000000
100000000000000000
110000000000000000
000000000000000000
010000000000000000
100000000000000000
110000000000000000
000000000000000000
010000000000000000
100000000000000000
110000000000000000
000000000000000000
010000000000000000
100000000000000000
110000000000000000
000000000000000000
010000000000000000
100000000000000000
110000000000000000
000000000000000000
010000000000000000
100000000000000000
110000000000000000
000000000000000000
010000000000000000
100000000000000000
110000000000000000
000000000000000000
010000000000000000
100000000000000000
110000000000000000
000000000000000000
010000000000000000
100000000000000000
110000000000000000
000000000000000000
010000000000000000
100000000000000000
110000000000000000
